attribute_means:
  area_gages2: 477.2376271186441
  aridity: 0.9738483237395337
  carbonate_rocks_frac: 0.12765520210330902
  clay_frac: 20.364762937719206
  elev_mean: 728.0364218455743
  frac_forest: 0.6665877589453859
  frac_snow: 0.1739066705321371
  geol_permeability: -13.94927570621469
  gvf_diff: 0.3333465879997043
  gvf_max: 0.7406071166056095
  high_prec_dur: 1.3366068671990068
  high_prec_freq: 20.80225988700565
  lai_diff: 2.5575539919469894
  lai_max: 3.338727284241188
  low_prec_dur: 5.6039276133210185
  low_prec_freq: 251.83474576271186
  max_water_content: 0.5308235232377105
  p_mean: 3.3940368166168464
  pet_mean: 2.7699391292357896
  sand_frac: 36.09920885000754
  silt_frac: 34.77536146479991
  slope_mean: 46.185522467043306
  soil_conductivity: 1.6578373700435987
  soil_depth_pelletier: 10.307206608611155
  soil_depth_statsgo: 1.295058160463927
  soil_porosity: 0.4425870926995773
attribute_stds:
  area_gages2: 472.924020200162
  aridity: 0.5126259538316914
  carbonate_rocks_frac: 0.2719563938268172
  clay_frac: 9.307521735052415
  elev_mean: 787.773498670254
  frac_forest: 0.3617196680388009
  frac_snow: 0.20150397696226932
  geol_permeability: 1.1831705016898773
  gvf_diff: 0.14843350953125065
  gvf_max: 0.15467964378767543
  high_prec_dur: 0.1895826795394606
  high_prec_freq: 4.419073643243204
  lai_diff: 1.3167618577710105
  lai_max: 1.4756631843691832
  low_prec_dur: 2.545379652365884
  low_prec_freq: 33.6418299100895
  max_water_content: 0.1391494434197909
  p_mean: 1.3677675750855731
  pet_mean: 0.5445168923952991
  sand_frac: 15.744566521752155
  silt_frac: 13.260004436079383
  slope_mean: 47.26115036635144
  soil_conductivity: 1.3312856279853125
  soil_depth_pelletier: 16.0537199657441
  soil_depth_statsgo: 0.25814448921218835
  soil_porosity: 0.021255007841641884
xarray_feature_scale:
  coords: {}
  attrs: {}
  dims: {}
  data_vars:
    QObs:
      dims: []
      attrs: {}
      data: 3.620540142059326
    prcp:
      dims: []
      attrs: {}
      data: 7.013976097106934
    srad:
      dims: []
      attrs: {}
      data: 131.63575744628906
    tmax:
      dims: []
      attrs: {}
      data: 10.838133811950684
    tmin:
      dims: []
      attrs: {}
      data: 10.359936714172363
    vp:
      dims: []
      attrs: {}
      data: 628.5133056640625
xarray_feature_center:
  coords: {}
  attrs: {}
  dims: {}
  data_vars:
    QObs:
      dims: []
      attrs: {}
      data: 1.4999593496322632
    prcp:
      dims: []
      attrs: {}
      data: 3.1925551891326904
    srad:
      dims: []
      attrs: {}
      data: 372.22686767578125
    tmax:
      dims: []
      attrs: {}
      data: 17.345375061035156
    tmin:
      dims: []
      attrs: {}
      data: 3.988924980163574
    vp:
      dims: []
      attrs: {}
      data: 925.39453125
